70
105
105
106
107
108
109
109
103
93
79
67
62
60
61
63
65
66
66
65
64
65
66
67
69
70
70
69
68
68
68
67
66
66
64
62
57
53
51
51
52
50
47
43
39
36
33
32
36
53
74
85
81
70
63
58
53
49
52
60
65
60
49
29
104
157
157
159
161
162
159
150
137
121
107
97
92
90
90
93
96
99
99
97
97
98
100
102
103
103
102
100
99
99
99
97
95
93
90
86
79
73
70
70
72
72
69
65
62
61
60
58
59
74
100
120
124
118
113
109
106
104
110
120
124
119
110
72
104
156
158
161
163
160
152
138
123
110
103
101
101
101
101
102
105
107
107
105
106
108
110
111
110
108
106
105
104
103
103
102
99
95
91
87
81
76
73
74
79
84
85
84
83
83
83
81
74
74
86
104
117
120
120
119
120
121
126
134
138
141
142
97
104
158
160
163
163
159
150
139
130
125
125
125
124
123
123
124
126
127
128
128
129
131
133
133
132
129
127
125
124
124
124
122
120
117
114
111
107
104
101
102
107
113
116
117
118
119
120
118
111
103
101
107
115
119
121
123
126
130
134
139
142
148
156
109
108
162
163
163
162
159
155
152
152
152
152
151
150
149
149
149
150
152
153
154
154
156
156
156
155
154
153
152
152
152
151
151
150
150
148
147
145
142
141
141
145
149
152
153
154
153
152
151
146
139
133
131
131
131
130
131
132
133
135
139
142
147
154
105
110
165
163
162
161
160
161
162
164
164
164
163
162
161
161
163
164
167
168
169
169
169
170
170
169
170
170
170
170
170
171
171
172
173
174
174
173
172
171
170
171
171
172
173
174
173
172
171
169
167
166
167
168
169
168
168
166
165
163
163
164
164
165
110
103
152
150
148
147
148
149
149
149
149
148
148
148
147
148
149
151
154
155
156
156
157
158
158
158
159
159
160
160
161
162
162
163
164
166
167
167
165
164
164
165
165
166
167
168
168
167
165
166
166
169
170
172
172
171
171
171
171
170
169
170
169
167
110
85
127
125
124
123
123
122
122
120
119
119
119
119
119
119
120
121
123
124
125
125
125
126
126
126
127
127
128
129
129
130
130
131
132
135
136
135
134
133
134
135
135
136
139
139
138
134
138
140
146
150
150
148
143
141
141
142
143
142
140
137
133
127
83
71
106
105
104
104
103
101
99
97
97
97
97
97
96
95
95
96
98
98
99
99
99
99
100
100
99
99
100
101
102
103
102
103
105
107
108
108
109
110
111
109
109
110
114
115
114
108
110
111
114
112
107
104
98
97
96
98
100
99
96
92
87
82
53
67
100
99
98
98
97
94
92
90
90
90
90
90
89
88
88
90
90
91
91
90
89
89
89
89
88
88
89
90
91
92
91
91
94
97
100
100
103
103
102
99
98
99
101
99
95
86
85
81
80
74
71
67
62
61
60
63
65
65
62
60
56
54
36
69
104
103
103
103
102
100
98
97
97
97
97
97
96
95
96
97
98
97
97
97
96
96
96
95
94
95
96
98
99
99
98
98
98
103
109
112
111
106
103
97
96
96
96
93
89
82
77
71
67
59
54
50
47
48
49
50
51
51
51
52
53
56
38
70
105
105
104
104
104
103
102
101
100
100
100
100
100
99
100
101
101
100
99
99
99
99
99
98
97
98
99
101
102
102
100
97
98
106
114
115
110
103
99
93
91
87
82
76
72
68
65
62
62
62
61
58
57
58
57
55
54
53
52
53
55
60
41
72
108
107
107
107
107
107
106
104
104
104
104
103
103
103
103
103
103
101
99
98
97
98
99
99
99
100
102
104
105
104
105
105
109
111
110
103
94
90
88
82
78
71
68
67
66
66
62
63
69
71
70
64
65
64
62
58
57
56
55
56
59
65
45
76
113
113
112
112
112
112
111
109
108
108
109
108
108
107
106
106
106
105
105
105
104
101
99
98
100
104
107
109
110
109
115
122
127
115
99
84
84
85
86
82
77
73
74
79
81
79
77
75
75
71
67
65
66
65
62
59
57
58
58
60
62
67
46
80
120
120
119
119
119
118
117
115
113
114
114
113
114
117
123
128
131
132
134
136
137
135
129
119
111
106
108
112
116
120
131
139
134
108
88
79
86
89
91
89
81
78
81
92
97
94
89
86
86
80
71
65
61
57
55
55
55
56
57
64
71
78
54
84
125
125
124
123
123
122
121
118
117
118
118
120
123
127
132
134
138
143
150
156
161
162
158
150
141
134
129
125
121
121
129
128
117
95
85
82
86
88
94
97
94
91
91
98
106
107
105
102
97
86
73
64
58
54
54
54
54
53
55
62
71
79
54
85
128
127
127
126
125
124
123
121
120
120
120
119
120
124
129
132
136
143
152
162
169
172
172
169
164
155
146
136
125
119
115
103
89
77
77
77
77
77
83
89
95
96
94
95
101
108
107
106
101
92
81
74
69
62
58
59
60
57
56
60
71
79
55
86
130
129
128
127
126
126
125
124
123
121
118
117
117
117
115
112
112
118
125
135
142
147
151
157
163
160
150
138
127
114
100
82
75
72
73
66
58
57
63
76
88
94
97
102
107
113
116
116
108
98
91
85
80
74
71
70
75
72
70
65
67
71
49
87
130
130
129
128
128
127
127
125
122
119
115
112
110
109
109
108
108
109
114
121
125
128
129
134
139
137
133
129
123
109
91
76
73
74
73
65
58
56
57
62
72
93
112
127
128
123
120
115
115
110
108
104
100
96
93
86
86
86
86
82
78
75
48
88
131
131
130
128
128
128
127
124
119
116
114
114
114
115
116
115
114
112
114
118
121
124
124
125
123
121
118
114
108
95
86
80
85
89
89
75
67
65
70
72
80
106
128
143
132
113
102
104
112
116
116
115
113
110
107
94
90
92
93
90
82
78
50
89
132
131
130
129
129
130
128
124
118
116
115
116
118
120
121
120
119
119
123
126
126
125
125
125
124
122
115
103
88
78
74
73
79
86
93
88
89
84
79
77
91
122
137
135
115
90
77
81
95
107
113
115
120
116
112
99
89
85
80
80
73
73
48
89
133
131
130
129
129
130
127
123
119
118
119
121
124
126
125
124
125
127
131
133
131
130
128
127
124
118
103
83
68
64
65
67
70
73
77
79
86
83
80
86
107
123
117
100
79
64
57
66
75
85
94
103
112
106
97
85
76
70
61
58
56
63
45
89
133
132
130
129
130
130
129
127
123
122
123
127
130
130
128
127
130
135
136
136
134
132
129
126
120
106
86
69
62
62
60
57
53
54
57
65
76
81
91
104
113
104
84
67
58
54
54
57
61
69
76
82
88
89
83
75
64
56
47
45
50
62
46
88
132
132
131
130
131
132
132
130
127
127
129
133
134
132
131
133
138
141
140
138
135
133
130
122
108
86
69
59
57
56
57
57
53
48
48
58
75
93
110
111
98
76
60
54
52
54
55
56
56
58
62
68
71
76
70
62
50
47
49
52
63
77
59
88
132
131
130
129
132
136
137
134
131
133
135
137
135
134
137
143
146
145
143
141
138
134
127
113
94
75
63
57
56
56
56
54
52
54
67
88
107
115
114
99
79
62
55
55
54
53
52
52
53
55
55
55
55
61
61
59
53
56
64
69
80
94
72
88
132
130
128
127
134
141
143
139
136
137
138
137
135
139
148
155
154
151
147
144
140
134
120
99
79
66
60
57
57
57
57
57
65
83
108
126
128
113
90
70
58
56
56
58
56
55
53
52
52
54
55
56
56
58
60
63
68
77
83
86
95
108
79
87
131
129
126
127
138
147
152
146
142
141
141
139
142
152
162
166
163
158
154
147
141
128
108
86
72
69
68
64
62
61
67
79
101
126
139
136
115
90
72
67
69
71
68
66
61
58
55
54
54
56
56
56
58
64
72
82
91
96
94
95
105
118
83
87
130
129
126
128
143
156
163
157
152
150
148
148
155
165
173
172
169
164
160
149
136
116
92
73
63
67
71
70
70
78
97
122
145
155
148
124
99
84
82
88
91
89
83
76
68
62
58
56
56
61
67
71
77
85
95
101
103
100
97
104
115
126
85
87
130
129
126
129
146
162
172
168
166
163
160
163
171
177
179
176
173
169
164
151
131
104
83
70
65
65
66
72
86
109
138
162
169
157
135
117
107
107
108
112
113
112
105
96
82
70
62
60
61
64
69
75
84
93
102
106
106
104
107
116
126
130
87
88
131
130
127
129
146
165
179
178
178
175
175
178
183
184
182
178
174
170
166
153
133
106
84
69
61
60
69
89
115
144
163
168
158
143
136
132
132
130
128
127
126
125
121
112
98
81
71
70
76
81
85
91
98
103
108
110
111
115
123
130
133
133
88
88
132
130
128
128
144
164
182
185
185
184
186
189
190
188
184
180
176
172
167
155
134
109
90
76
69
69
87
118
149
168
161
142
127
131
144
149
148
143
140
137
136
135
132
126
115
98
87
88
96
100
99
101
105
108
113
119
127
133
136
137
136
135
90
88
132
131
130
128
139
160
181
190
188
191
194
195
194
191
188
183
177
173
167
157
136
112
89
78
76
90
118
148
168
168
140
109
100
123
150
161
161
155
149
145
142
139
137
133
128
115
106
107
116
122
122
124
126
128
132
137
139
140
140
139
139
137
91
87
131
130
130
128
133
152
175
191
193
196
199
200
197
194
191
185
181
175
169
159
133
104
81
84
97
123
147
167
170
158
119
93
91
123
153
167
170
163
157
152
148
141
137
135
135
129
124
123
127
131
132
134
135
136
138
140
141
141
141
141
140
139
93
87
130
129
129
128
128
140
162
184
197
201
202
202
200
197
194
189
184
177
171
161
130
97
78
98
127
153
165
171
162
144
109
102
111
141
158
168
172
166
160
155
152
142
135
132
136
138
136
135
134
136
137
138
138
138
138
139
140
141
141
142
142
142
95
86
129
128
128
128
127
130
146
171
194
204
205
204
202
200
197
193
187
180
174
162
126
96
93
127
159
173
174
172
159
137
106
105
120
147
159
163
164
158
153
152
152
142
132
127
135
143
147
145
141
141
141
142
141
139
138
138
138
139
140
142
144
144
96
86
128
128
127
127
127
125
130
152
183
205
209
205
204
202
199
193
188
182
176
163
131
114
123
158
178
179
172
168
162
143
119
114
126
144
151
153
151
146
141
143
147
142
135
128
137
149
156
153
147
145
146
147
146
144
141
140
139
139
139
141
143
145
97
86
128
128
127
127
127
124
121
133
160
192
208
209
206
203
200
194
188
183
177
164
145
144
157
177
181
176
171
170
170
157
138
122
124
131
138
139
137
133
128
134
145
148
145
134
144
152
161
160
156
156
156
155
152
150
147
145
143
141
140
140
142
145
98
84
126
126
126
126
125
123
118
119
132
158
187
203
208
205
201
195
190
185
177
169
166
173
180
183
179
177
177
180
181
174
163
152
149
149
149
147
143
138
130
137
152
157
154
140
148
149
154
160
167
171
168
164
160
157
154
151
149
146
143
142
143
145
98
80
121
122
122
122
121
120
116
111
111
122
151
183
205
210
204
198
192
184
176
174
179
187
188
184
181
182
187
190
191
187
181
173
168
167
169
169
166
163
153
156
165
164
157
139
135
123
122
144
169
184
179
173
169
166
162
158
155
151
148
146
145
147
99
78
116
115
115
116
116
114
112
108
103
100
113
142
177
198
205
202
193
184
177
180
187
192
191
187
186
189
195
199
198
194
181
163
156
162
175
179
178
173
165
163
164
156
141
119
104
88
86
119
160
190
188
182
179
176
172
167
163
159
156
152
150
150
100
83
121
117
116
116
115
114
112
110
107
102
102
115
139
165
185
195
193
184
181
185
191
193
192
187
188
192
201
205
205
193
166
138
129
140
157
165
169
169
164
156
144
126
107
86
72
60
58
90
140
184
197
192
189
187
183
179
174
169
165
161
157
156
104
93
136
131
127
126
124
123
123
123
122
120
115
115
123
141
164
181
188
186
187
190
194
195
188
172
163
167
184
196
201
182
141
107
99
114
129
139
143
139
130
117
103
88
73
60
53
52
53
68
111
163
197
203
199
197
194
190
186
181
176
171
167
164
108
102
151
148
145
141
138
136
136
138
139
139
138
136
134
135
148
165
179
186
191
194
196
196
179
152
130
127
139
152
160
145
111
87
82
95
103
111
112
105
95
84
72
62
56
54
55
58
60
63
88
131
179
204
209
207
204
201
198
194
189
183
178
174
115
104
157
158
157
153
149
147
146
148
150
151
152
152
152
151
151
158
173
189
196
197
199
194
168
134
107
99
98
101
104
97
79
67
62
69
76
83
84
78
70
63
60
61
62
64
66
69
71
71
76
99
136
174
199
210
212
210
207
204
200
195
190
185
122
104
158
160
160
157
153
150
147
145
142
141
141
142
142
141
141
153
173
192
198
199
199
183
157
134
121
110
96
89
84
81
74
67
63
65
69
68
65
59
56
56
59
63
66
68
71
75
79
81
77
79
92
118
145
167
185
199
208
211
209
205
201
196
129
104
157
159
159
157
155
152
148
142
130
118
110
107
108
107
120
149
182
198
201
202
196
169
149
139
135
117
95
86
81
81
81
83
85
88
90
90
89
86
83
80
76
73
71
71
73
77
82
84
83
77
75
86
108
133
155
171
181
189
196
204
207
206
136
103
156
157
158
156
155
152
148
141
129
111
93
80
72
79
112
156
191
202
202
202
183
153
142
139
129
99
83
83
85
87
87
89
91
93
92
90
88
88
89
89
90
90
91
93
96
99
102
103
103
102
99
98
102
113
131
141
145
148
157
169
178
187
128
103
155
155
156
156
154
151
148
144
136
121
102
80
68
85
131
176
200
201
198
189
161
143
135
127
98
66
55
58
64
68
72
75
77
79
78
80
83
89
98
107
114
118
120
122
124
125
123
121
121
125
129
132
134
136
138
128
115
109
117
131
139
148
101
103
154
154
155
155
153
149
146
145
144
141
130
112
106
129
169
198
203
197
187
169
150
136
122
98
70
53
53
56
57
56
55
54
54
56
59
65
75
88
102
118
131
140
146
150
153
152
144
137
135
141
146
146
146
146
145
133
112
95
92
100
105
111
77
106
156
152
153
153
151
147
144
144
145
145
143
136
147
170
197
208
206
198
184
162
143
121
95
71
55
52
54
54
54
55
56
60
67
76
86
96
107
118
128
137
144
149
151
152
154
152
142
132
129
135
143
144
143
142
142
137
116
96
86
94
100
102
68
118
171
159
153
150
147
144
143
143
144
144
144
146
166
190
211
213
208
191
166
137
117
91
70
53
50
51
51
55
61
70
79
89
100
111
122
133
142
149
152
153
153
153
152
153
154
152
145
132
126
129
138
140
139
138
139
138
119
93
76
84
101
111
76
129
189
179
166
154
146
142
142
143
144
145
145
140
143
153
167
171
163
146
124
102
82
64
52
50
52
56
64
76
88
100
113
125
136
144
149
152
155
155
154
152
151
150
150
151
152
151
146
132
123
123
132
136
134
132
133
137
127
107
92
95
108
116
79
119
184
191
187
175
160
148
143
143
146
144
135
116
103
103
112
115
108
94
76
60
50
48
52
60
69
81
95
110
124
136
145
151
153
154
154
154
153
152
151
150
149
148
148
149
149
149
146
133
120
117
124
131
133
136
138
140
136
130
128
125
122
118
79
97
155
174
189
193
185
170
157
149
142
128
106
82
64
57
57
58
54
49
47
49
54
64
76
90
102
115
129
142
151
155
156
156
155
154
153
151
151
150
149
148
147
147
146
146
147
146
143
132
120
115
121
134
147
159
162
158
156
162
165
148
125
113
76
79
126
141
162
182
193
194
181
156
126
96
73
58
51
50
49
48
48
49
55
66
81
96
111
127
139
146
151
155
158
160
158
156
154
153
151
150
148
147
147
146
144
143
142
141
140
137
135
128
117
115
125
148
170
188
192
185
180
179
166
136
110
101
70
79
117
120
130
148
170
186
175
139
94
65
53
50
52
52
50
49
53
63
79
97
116
132
145
155
159
159
158
158
158
160
158
155
154
152
151
148
146
144
143
142
142
143
144
144
144
144
147
147
144
145
156
178
197
208
206
194
179
160
130
101
88
90
64
81
121
119
118
123
133
143
131
99
66
50
50
51
52
51
50
57
72
93
114
132
146
155
159
162
164
164
160
157
157
158
158
155
154
151
149
145
142
143
147
152
156
160
163
166
168
171
174
175
174
177
186
198
200
193
181
168
150
124
96
83
82
86
57
82
122
122
122
116
104
91
75
61
50
49
50
50
50
55
65
84
106
128
144
153
157
159
161
163
163
163
159
156
155
156
156
154
152
149
145
143
147
154
163
171
177
182
188
192
196
200
203
205
206
204
198
187
171
156
142
128
110
91
81
81
83
85
57
82
124
125
121
106
83
61
50
48
49
50
50
52
59
75
96
119
138
151
157
158
158
159
160
161
162
162
160
155
153
153
154
153
150
146
145
150
161
173
183
192
198
203
207
211
214
216
214
211
201
182
161
143
130
119
110
101
92
87
85
85
85
91
63
83
126
122
109
85
63
53
50
50
50
51
55
66
83
107
130
147
155
158
159
158
157
157
158
159
160
161
160
155
151
150
153
152
147
146
153
166
180
191
197
202
205
207
210
212
213
213
211
201
175
143
117
107
103
102
99
96
93
91
90
89
92
97
68
84
122
110
87
65
54
51
51
51
52
59
72
92
116
136
151
156
158
159
158
157
156
156
156
157
158
159
159
155
151
149
150
149
145
151
166
183
193
198
202
205
207
209
210
211
212
212
202
176
135
102
90
94
99
101
99
96
94
94
94
94
96
95
63
80
110
87
65
54
51
51
50
50
57
74
99
124
142
153
156
157
157
157
157
157
156
155
155
156
157
157
158
155
150
148
147
145
146
158
177
192
198
202
205
207
209
210
211
211
211
208
183
141
98
85
90
99
101
100
98
97
96
94
93
92
90
81
50
71
91
65
53
51
51
49
48
55
74
102
129
146
155
158
158
156
156
156
157
157
156
155
154
154
155
155
155
154
150
146
142
141
149
166
185
195
200
204
207
209
210
211
211
210
210
200
159
110
78
83
94
99
99
97
96
93
90
85
83
80
74
69
44
42
53
36
33
33
32
31
31
38
55
77
95
103
106
106
105
104
103
104
105
105
104
103
102
102
102
103
103
103
100
97
93
93
102
113
125
130
134
137
138
139
140
141
141
140
140
130
97
66
48
57
63
66
66
65
63
61
57
52
49
46
42
43
29
