0
0
0
0
0
0
0
0
0
0
0
0
0
0
0
0
0
0
0
0
0
0
0
0
0
0
0
0
0
0
0
0
0
0
0
0
0
0
0
0
0
0
0
0
0
0
0
0
0
0
0
0
0
0
0
0
0
0
0
0
0
0
0
0
0
0
0
160
156
156
157
159
161
161
166
172
163
142
107
89
91
90
91
98
101
100
99
97
97
99
103
106
108
107
105
104
103
101
103
99
99
103
98
90
78
77
81
80
79
72
61
57
53
51
48
48
85
137
130
77
51
40
35
36
33
32
72
91
67
53
46
0
0
158
156
157
159
162
164
167
165
148
117
91
87
91
93
90
94
100
100
98
97
94
96
98
99
102
101
103
102
100
100
100
103
98
94
97
89
82
75
74
74
75
75
70
65
60
52
49
48
42
54
109
151
161
155
146
138
123
112
104
114
130
110
86
77
0
0
155
155
156
159
166
165
153
128
93
81
85
88
89
89
86
90
95
99
98
95
94
100
104
104
102
99
95
94
94
92
93
94
86
81
79
72
66
61
56
53
62
69
67
67
70
72
86
82
66
56
71
106
136
146
149
156
160
164
174
181
178
171
186
196
0
0
154
154
158
165
168
157
140
128
123
125
126
125
123
123
121
120
121
125
124
123
126
129
132
131
129
125
120
118
118
116
116
115
111
105
104
97
93
90
87
83
98
118
118
118
122
117
119
121
112
87
68
68
67
62
62
65
74
84
95
109
121
128
155
173
0
0
160
162
166
166
163
159
158
162
164
165
164
162
160
159
159
160
160
160
164
164
164
164
165
165
165
164
164
162
163
162
162
162
162
163
163
162
160
161
159
159
160
163
163
165
167
162
158
159
160
154
149
150
151
150
149
146
143
139
133
131
132
131
132
135
0
0
171
170
165
160
160
161
164
166
166
168
168
168
166
164
164
167
169
171
174
174
172
174
174
173
173
174
174
174
175
176
176
177
178
180
181
181
180
177
175
176
174
172
172
176
178
180
178
176
174
172
172
176
179
179
179
179
179
177
175
176
176
177
175
176
0
0
169
162
158
160
159
159
160
162
160
159
159
159
158
159
160
161
164
168
170
168
168
171
172
170
170
171
172
172
173
173
174
176
175
177
180
182
181
177
176
177
177
178
179
180
179
179
178
178
175
174
175
174
177
179
179
176
178
178
179
181
183
185
185
185
0
0
128
123
125
123
122
122
123
123
121
119
118
118
117
119
120
119
121
123
124
124
126
127
129
129
132
131
132
133
134
134
134
136
136
135
138
142
140
139
139
140
143
144
146
144
149
146
144
144
142
157
150
168
158
156
158
156
158
158
154
149
150
150
138
130
0
0
94
91
91
89
88
86
86
81
79
78
80
80
79
79
77
75
79
79
78
81
82
77
77
78
79
78
77
77
81
81
80
82
78
82
89
86
85
85
82
86
88
83
80
90
101
80
82
78
117
99
123
126
99
96
83
85
92
99
94
89
84
65
56
51
0
0
103
99
100
101
101
100
97
92
90
93
92
94
92
91
88
88
91
93
91
92
93
91
90
92
90
89
87
89
91
92
92
92
89
95
100
98
98
99
111
109
97
94
104
107
108
114
101
86
98
80
60
45
38
46
48
44
43
49
50
48
46
48
49
51
0
0
107
106
106
106
104
104
104
99
99
99
99
98
98
98
96
99
101
101
100
100
99
98
98
98
96
97
96
98
102
102
102
102
100
102
112
108
124
115
127
115
105
115
113
106
104
83
79
68
60
47
39
51
54
52
46
47
53
55
46
53
52
54
54
61
0
0
106
104
104
104
103
103
103
101
99
100
102
100
100
100
98
99
102
101
98
100
98
98
100
99
99
97
98
101
103
103
102
101
99
100
86
129
130
105
91
84
85
71
84
66
68
80
64
67
67
66
83
64
52
44
47
58
57
48
55
52
53
58
61
69
0
0
107
104
103
105
104
103
106
105
102
102
102
102
102
102
102
101
103
102
100
100
99
99
100
100
99
98
97
99
100
102
103
100
92
80
108
132
101
90
103
95
89
80
79
66
53
56
59
60
59
63
74
69
60
72
89
64
56
58
55
52
49
54
58
69
0
0
114
114
112
113
112
112
115
112
109
107
110
109
107
109
108
106
110
107
103
100
95
93
94
97
100
103
103
105
112
110
110
104
137
135
143
87
72
80
78
80
83
71
60
62
73
76
67
63
53
70
83
64
78
75
64
62
58
64
59
60
63
66
67
83
0
0
123
121
121
121
120
119
120
118
115
114
114
116
115
114
110
108
109
108
110
117
119
120
115
95
91
102
111
114
118
117
117
122
150
178
122
52
71
72
85
86
79
77
71
93
112
124
111
99
122
89
66
63
50
51
55
55
55
56
56
59
66
70
65
74
0
0
126
125
125
125
123
122
124
122
118
116
118
118
117
116
129
155
171
176
185
185
188
203
205
194
169
119
97
102
111
116
133
150
154
119
64
73
105
100
111
112
108
101
80
91
91
102
119
84
87
110
96
77
65
59
49
47
52
50
49
48
55
85
103
91
0
0
130
128
129
128
126
125
125
122
121
120
121
122
124
136
143
135
125
122
135
150
157
169
174
181
197
199
185
179
146
124
107
103
123
57
86
104
90
67
76
81
105
121
101
84
95
92
108
122
94
109
96
69
76
64
52
58
59
57
50
51
61
62
71
86
0
0
131
129
130
128
128
126
126
125
124
121
123
122
113
104
101
101
99
102
109
125
137
148
138
133
157
170
186
161
146
135
106
93
67
64
64
65
44
49
50
51
52
72
118
100
89
112
104
125
121
105
88
81
84
95
75
61
70
79
75
51
63
66
69
79
0
0
129
131
131
129
127
126
129
126
125
130
119
110
112
111
112
110
108
105
107
103
105
121
125
132
122
125
123
109
113
127
135
95
73
67
74
69
57
48
44
49
62
93
67
91
132
126
107
124
135
106
118
113
93
88
91
84
89
77
117
92
66
74
72
61
0
0
132
130
130
130
129
129
128
129
127
120
110
113
113
114
114
116
117
111
114
109
113
125
117
113
128
124
116
118
127
126
92
73
81
75
91
97
94
58
77
75
51
51
79
166
162
166
155
89
118
114
131
135
128
122
124
128
113
73
84
125
99
106
86
65
0
0
135
132
132
130
129
127
128
133
118
111
115
118
115
117
119
125
122
120
118
119
137
127
120
133
125
124
124
122
111
72
65
71
87
98
117
112
90
51
85
102
81
87
149
168
140
134
65
49
74
123
93
107
125
120
130
101
100
77
82
97
79
75
81
84
0
0
134
134
133
130
129
129
130
136
121
118
121
116
118
123
129
124
124
121
123
140
132
129
136
128
123
125
128
120
70
61
72
74
50
46
66
73
98
118
127
66
44
133
147
116
107
56
47
51
48
62
92
109
100
93
134
89
92
115
61
47
45
45
45
68
0
0
133
132
131
129
131
129
129
126
123
124
120
120
127
134
133
127
126
124
143
138
131
140
129
130
126
127
118
77
58
52
52
54
64
55
43
45
52
76
77
48
91
125
109
73
48
55
56
60
66
62
55
62
100
111
96
82
53
54
49
44
43
44
50
73
0
0
132
133
131
131
129
127
133
135
129
127
124
129
134
138
135
127
123
146
143
135
143
134
130
131
128
116
85
61
59
65
66
60
50
57
50
47
42
36
56
122
184
123
60
50
50
52
52
53
52
56
60
60
50
50
56
86
58
48
45
43
45
50
79
102
0
0
134
132
132
133
129
128
144
137
131
134
133
136
139
138
131
121
152
149
140
149
138
135
134
138
121
82
65
46
53
56
48
54
69
47
42
43
72
110
153
160
99
46
48
51
51
53
52
52
52
52
53
58
57
63
60
76
60
45
42
56
77
68
107
116
0
0
133
131
130
126
125
129
146
142
135
135
135
141
141
137
121
159
161
148
151
146
143
143
139
125
100
76
77
66
52
52
56
51
50
44
55
104
151
189
151
62
37
55
59
64
61
61
53
50
51
52
52
55
51
53
53
54
50
53
74
101
93
84
118
122
0
0
132
131
131
124
122
130
157
153
143
138
138
143
138
124
149
174
164
166
158
150
150
146
132
117
75
56
56
69
60
62
73
62
46
90
141
178
184
102
42
50
60
64
57
57
60
60
57
55
53
50
55
59
57
54
52
58
75
95
115
116
73
108
125
126
0
0
130
129
130
127
122
139
169
162
157
150
146
145
139
146
182
172
175
173
168
159
157
133
123
97
62
70
80
68
85
63
54
76
133
162
188
169
83
62
73
80
92
103
94
88
75
68
58
59
58
57
57
63
56
60
84
107
119
125
113
68
90
126
128
128
0
0
131
130
130
126
120
143
181
171
171
165
164
162
154
181
183
176
179
172
167
167
160
122
103
72
49
59
62
84
72
63
97
155
179
193
169
106
111
120
115
113
113
118
115
105
94
79
64
62
56
57
65
84
103
107
123
124
117
93
73
99
128
129
131
130
0
0
131
130
130
126
119
139
179
178
180
181
183
169
178
194
183
179
181
175
168
170
160
129
91
68
79
71
51
39
54
123
163
187
199
172
124
133
135
134
132
130
128
128
128
129
120
105
78
58
68
68
62
62
67
72
80
79
86
100
125
136
134
133
132
132
0
0
133
133
133
129
126
129
179
184
184
187
185
180
198
190
184
189
182
171
173
171
155
140
133
95
68
58
54
66
135
161
168
179
144
101
139
153
153
147
143
138
137
135
136
133
125
116
104
64
84
114
108
110
107
108
111
120
132
137
137
138
138
137
135
135
0
0
133
131
132
130
130
123
170
192
188
191
182
199
200
190
195
189
178
178
175
170
160
137
103
83
88
76
79
126
175
183
183
164
64
66
131
158
169
163
155
149
147
143
141
140
135
128
126
100
105
128
124
123
131
132
134
135
140
141
141
139
140
139
137
136
0
0
132
131
131
131
131
124
143
196
192
193
193
207
199
195
196
190
185
181
173
166
162
150
87
84
64
89
111
151
161
171
176
124
55
81
120
154
176
176
165
155
151
147
140
140
145
138
135
121
119
131
127
134
134
136
138
140
141
143
142
142
141
140
140
138
0
0
130
129
129
128
128
127
120
171
200
193
204
205
199
204
197
193
193
182
180
167
164
151
82
61
79
128
163
182
179
174
129
120
60
104
140
154
176
177
170
161
157
155
147
117
131
140
140
136
130
137
138
140
140
138
136
137
138
141
141
143
142
143
141
141
0
0
130
128
128
127
129
129
125
126
189
198
209
203
202
204
200
197
195
187
182
173
168
152
57
52
139
184
185
181
175
164
131
108
81
189
167
162
173
168
163
157
158
158
151
123
119
132
146
151
145
143
139
139
141
140
139
136
136
138
138
141
143
146
146
145
0
0
129
128
127
127
127
127
127
117
137
205
212
206
205
205
202
200
198
188
180
178
171
130
56
127
182
193
176
165
162
163
150
93
80
107
149
153
154
150
142
132
138
151
150
127
123
128
153
165
156
144
140
145
146
146
143
140
138
138
135
137
140
145
146
145
0
0
129
129
128
126
127
127
126
123
103
172
226
211
207
205
203
202
193
181
186
182
168
142
134
176
185
181
175
171
162
172
177
126
127
115
123
134
140
139
130
129
120
140
155
125
142
132
162
169
160
147
153
159
155
152
149
147
144
144
140
138
139
141
145
147
0
0
128
129
128
127
127
126
125
122
113
103
166
224
213
206
206
202
190
188
189
179
163
162
183
190
182
178
173
170
181
182
179
167
145
137
131
129
128
127
122
128
109
155
189
136
158
136
159
164
161
170
174
169
163
159
157
154
151
149
146
141
140
140
145
150
0
0
121
122
124
124
123
123
120
117
115
104
87
133
216
212
207
205
201
196
185
177
165
180
195
194
181
176
178
189
195
195
189
181
179
191
193
185
177
168
155
146
129
177
197
138
147
148
145
123
147
198
189
179
172
169
165
162
158
153
152
148
145
143
146
149
0
0
109
112
114
116
116
117
114
112
110
105
99
79
143
222
219
207
202
194
183
169
175
193
196
190
185
184
192
200
201
200
195
194
198
163
172
198
204
205
208
204
178
178
175
131
142
115
68
50
85
200
195
186
181
179
176
171
166
162
158
154
151
148
149
151
0
0
123
111
105
107
110
110
109
106
105
102
97
91
72
111
187
216
204
194
182
173
188
196
194
191
192
190
194
202
206
205
200
188
107
70
131
152
162
160
160
154
151
147
142
121
78
47
46
53
54
161
207
196
191
189
187
183
178
172
168
164
160
157
153
155
0
0
151
140
127
124
123
120
118
118
118
116
113
112
110
96
90
136
204
196
176
186
195
191
193
194
190
169
195
206
214
213
209
134
72
114
130
126
139
143
143
140
135
113
77
50
44
50
56
58
54
91
210
207
201
200
199
196
192
187
181
176
169
166
163
163
0
0
159
157
155
151
145
142
142
143
146
150
148
147
148
147
146
137
158
188
188
195
196
194
199
202
138
81
118
147
175
197
186
103
66
110
87
110
127
128
121
100
68
48
44
49
50
53
54
53
52
39
132
220
211
209
208
204
202
199
195
190
183
178
173
169
0
0
152
157
163
162
156
150
145
146
149
156
155
155
155
155
155
157
151
155
193
199
194
198
203
187
102
102
71
55
67
93
86
85
58
42
58
74
79
71
56
46
47
56
61
64
62
63
66
73
75
73
62
146
222
221
214
211
209
208
206
202
196
189
184
180
0
0
153
159
162
160
158
155
149
147
145
147
152
153
153
153
155
154
145
179
202
199
196
203
207
154
120
122
109
83
53
42
36
45
45
45
49
48
55
56
62
65
66
74
76
78
76
82
87
91
91
88
75
52
102
183
219
223
217
214
211
209
206
202
196
192
0
0
155
158
162
159
157
155
154
150
140
123
111
116
118
119
119
106
129
198
203
199
201
206
186
102
154
160
147
140
135
129
112
104
91
89
92
88
77
65
60
51
47
53
52
57
64
67
72
78
82
78
70
63
40
37
70
124
177
211
220
218
214
211
207
202
0
0
153
154
159
158
157
154
153
151
146
126
83
51
49
53
52
52
172
204
202
200
204
214
144
102
172
165
68
55
63
73
89
102
107
119
128
136
138
143
141
134
123
103
91
75
69
71
72
76
85
88
86
92
99
107
113
118
130
121
127
166
196
214
216
213
0
0
154
154
156
157
156
155
152
145
145
147
136
106
67
41
34
138
205
204
199
205
207
185
100
140
182
75
38
47
52
55
57
60
62
66
63
55
49
56
66
80
96
116
127
137
148
152
151
153
147
142
148
148
149
151
151
150
144
93
82
96
98
111
137
175
0
0
156
153
153
155
156
154
150
144
143
146
148
146
129
79
112
201
209
203
204
192
170
121
107
177
87
42
53
55
60
62
61
57
50
49
48
45
44
50
59
76
105
129
139
145
151
152
153
148
118
128
146
147
146
147
145
143
145
111
81
102
104
94
85
87
0
0
154
152
151
154
156
152
146
144
144
145
146
146
146
146
201
213
205
204
195
164
151
130
175
85
42
53
58
58
56
55
51
50
48
46
58
73
95
117
136
148
154
156
154
155
155
155
156
150
123
122
140
144
143
143
142
139
144
128
77
87
100
105
108
99
0
0
180
156
147
150
152
147
143
142
143
143
143
143
140
153
213
215
206
214
213
190
178
166
87
43
55
53
49
47
47
48
48
60
76
104
125
138
147
158
158
157
155
155
153
152
153
154
153
150
131
115
134
142
142
139
139
139
142
138
76
61
87
103
116
117
0
0
220
204
173
148
144
143
141
141
143
143
144
144
147
150
195
226
224
214
193
134
78
42
42
49
49
46
46
48
54
79
108
127
141
149
153
155
157
157
156
152
151
151
149
148
152
153
151
150
137
108
123
137
138
134
133
134
135
141
90
36
69
107
118
126
0
0
184
217
220
199
164
142
139
140
144
145
146
152
144
89
54
83
86
67
47
41
45
47
49
50
48
53
68
97
124
139
144
151
158
159
157
154
153
153
153
151
149
149
148
148
148
150
151
149
143
109
111
130
134
129
122
123
131
149
139
130
138
125
110
121
0
0
107
138
194
224
220
194
156
138
143
150
155
120
59
41
46
45
45
48
48
50
49
52
45
55
79
107
126
139
150
159
162
159
156
155
152
151
152
150
149
150
148
147
146
146
146
146
147
144
142
112
98
121
126
129
152
166
150
135
157
191
203
127
102
130
0
0
117
109
111
155
211
228
215
179
156
149
91
46
40
51
56
51
49
47
47
46
48
62
88
127
146
145
150
152
158
163
160
157
154
153
152
152
151
147
147
149
146
145
145
145
145
144
142
138
135
115
112
123
135
181
216
213
188
166
191
203
136
80
108
110
0
0
122
120
114
108
121
173
222
237
186
67
37
50
56
55
54
48
48
48
49
58
98
134
150
154
159
168
169
159
152
161
160
157
156
154
155
150
148
145
145
145
142
139
138
136
133
128
125
122
124
116
103
137
174
207
212
214
216
218
203
143
64
76
91
87
0
0
122
122
120
121
111
107
145
165
70
38
51
53
50
51
51
48
47
53
88
127
151
153
157
163
165
164
165
163
151
159
162
157
155
153
152
149
146
144
140
135
136
142
146
150
157
159
163
178
196
197
195
210
217
217
216
199
177
152
104
60
65
84
92
84
0
0
121
122
123
122
123
120
78
37
40
51
53
48
49
51
52
49
57
113
148
153
155
159
160
162
164
162
163
161
153
154
159
157
155
152
150
146
141
134
139
161
180
189
194
202
210
218
221
221
215
208
213
215
213
193
155
127
111
95
73
71
85
101
78
83
0
0
124
123
124
125
130
82
41
48
51
49
47
53
50
49
49
94
142
153
154
160
160
158
159
160
161
162
163
162
154
147
154
154
153
151
145
139
135
155
185
197
197
200
206
211
212
213
214
211
210
210
208
180
135
102
94
101
100
92
84
91
98
74
73
99
0
0
123
123
130
131
80
42
48
56
53
48
51
50
51
63
119
150
153
158
161
161
158
156
157
157
158
160
162
162
158
146
149
155
153
149
140
138
170
195
195
195
202
207
209
209
211
214
214
214
210
204
131
73
83
94
102
104
93
84
96
95
76
77
107
126
0
0
125
127
133
82
42
52
54
50
48
49
50
61
83
135
147
153
160
159
158
159
158
156
155
156
156
158
160
159
159
147
146
156
153
144
137
171
198
194
195
204
206
207
208
209
212
213
212
212
201
136
62
86
99
110
109
98
91
99
94
84
95
113
115
89
0
0
125
131
85
46
53
59
53
48
48
55
66
99
140
145
157
159
157
157
157
157
157
155
154
155
156
157
157
158
158
149
144
151
146
135
150
192
195
195
204
207
208
209
209
211
213
209
211
209
138
57
75
95
106
97
94
98
100
95
96
103
106
99
79
52
0
0
126
89
45
47
53
49
48
47
52
52
94
144
151
159
161
158
156
155
155
158
157
157
154
154
155
155
156
157
155
152
143
144
141
133
172
191
191
201
208
207
209
210
211
214
211
207
211
189
63
60
89
101
97
97
102
99
94
97
95
86
78
67
56
58
0
0
123
44
48
53
49
46
45
48
42
102
153
150
163
164
158
158
155
153
156
157
158
155
154
153
152
152
152
153
153
153
143
134
135
147
186
190
195
204
205
208
208
211
212
213
209
207
213
144
50
84
89
93
102
102
94
88
94
76
59
58
64
57
58
92
0
0
0
0
0
0
0
0
0
0
0
0
0
0
0
0
0
0
0
0
0
0
0
0
0
0
0
0
0
0
0
0
0
0
0
0
0
0
0
0
0
0
0
0
0
0
0
0
0
0
0
0
0
0
0
0
0
0
0
0
0
0
0
0
0
0
0